3 15 55 90 50 0 0 100 0 0 0
3 15 55 90 50 0 0 250 0 0 0
3 15 56 90 50 0 0 173 0 0 0
3 15 56 90 50 0 0 104 0 0 0
3 15 56 90 50 0 0 221 0 0 0
3 15 56 90 50 0 0 252 0 0 0
3 15 56 90 50 0 0 89 0 0 0
3 15 56 90 50 0 0 50 0 0 0
3 15 56 90 50 0 0 19 0 0 0
3 15 56 90 50 0 0 1 0 0 0
3 15 56 90 50 0 0 9 0 0 0
3 15 56 90 50 0 0 57 0 0 0
3 15 56 90 50 0 0 11 0 0 0
3 15 56 90 50 0 0 15 0 0 0
3 15 57 90 50 0 0 31 0 0 0
3 15 57 90 50 0 0 229 0 0 0
3 15 57 90 50 0 0 202 0 0 0
3 15 57 90 50 0 0 113 0 0 0
3 15 57 90 50 0 0 104 0 0 0
3 15 57 90 50 0 0 5 0 0 0
3 15 57 90 50 0 0 248 0 0 0
3 15 57 90 50 0 0 54 0 0 0
3 15 57 90 50 0 0 46 0 0 0
3 15 57 90 50 0 0 152 0 0 0
3 15 57 90 50 0 0 220 0 0 0
3 15 57 90 50 0 0 202 0 0 0
3 15 58 90 50 0 0 173 0 0 0
3 15 58 90 50 0 0 200 0 0 0
3 15 58 90 50 0 0 106 0 0 0
3 15 58 90 50 0 0 219 0 0 0
3 15 58 90 50 0 0 237 0 0 0
3 15 58 90 50 0 0 37 0 0 0
3 15 58 90 50 0 0 128 0 0 0
3 15 58 90 50 0 0 26 0 0 0
3 15 58 90 50 0 0 154 0 0 0
3 15 58 90 50 0 0 157 0 0 0
3 15 58 90 50 0 0 207 0 0 0
3 15 58 90 50 0 0 166 0 0 0
3 15 59 90 50 0 0 38 0 0 0
3 15 59 90 50 0 0 67 0 0 0
3 15 59 90 50 0 0 25 0 0 0
3 15 59 90 50 0 0 221 0 0 0
3 15 59 90 50 0 0 175 0 0 0
3 15 59 90 50 0 0 232 0 0 0
3 15 59 90 50 0 0 58 0 0 0
3 15 59 90 50 0 0 137 0 0 0
3 15 59 90 50 0 0 197 0 0 0
3 15 59 90 50 0 0 31 0 0 0
3 15 59 90 50 0 0 60 0 0 0
3 15 59 90 50 0 0 109 0 0 0
3 16 0 90 50 0 0 25 0 0 0
3 16 0 90 50 0 0 157 0 0 0
3 16 0 90 50 0 0 56 0 0 0
3 16 0 90 50 0 0 222 0 0 0
3 16 0 90 50 0 0 16 0 0 0
3 16 0 90 50 0 0 230 0 0 0
3 16 0 90 50 0 0 96 0 0 0
3 16 0 90 50 0 0 195 0 0 0
3 16 0 90 50 0 0 123 0 0 0
3 16 0 90 50 0 0 232 0 0 0
3 16 0 90 50 0 0 114 0 0 0
3 16 0 90 50 0 0 195 0 0 0
3 16 1 90 50 0 0 242 0 0 0
3 16 1 90 50 0 0 179 0 0 0
3 16 1 90 50 0 0 22 0 0 0
3 16 1 90 50 0 0 96 0 0 0
3 16 1 90 50 0 0 222 0 0 0
3 16 1 90 50 0 0 139 0 0 0
3 16 1 90 50 0 0 201 0 0 0
3 16 1 90 50 0 0 89 0 0 0
3 16 1 90 50 0 0 2 0 0 0
3 16 1 90 50 0 0 185 0 0 0
3 16 1 90 50 0 0 16 0 0 0
3 16 1 90 50 0 0 50 0 0 0
3 16 2 90 50 0 0 98 0 0 0
3 16 2 90 50 0 0 205 0 0 0
3 16 2 90 50 0 0 185 0 0 0
3 16 2 90 50 0 0 65 0 0 0
3 16 2 90 50 0 0 247 0 0 0
3 16 2 90 50 0 0 115 0 0 0
3 16 2 90 50 0 0 118 0 0 0
3 16 2 90 50 0 0 245 0 0 0
3 16 2 90 50 0 0 211 0 0 0
3 16 2 90 50 0 0 219 0 0 0
3 16 2 90 50 0 0 183 0 0 0
3 16 2 90 50 0 0 163 0 0 0
3 16 3 90 50 0 0 213 0 0 0
3 16 3 90 50 0 0 163 0 0 0
3 16 3 90 50 0 0 135 0 0 0
3 16 3 90 50 0 0 121 0 0 0
3 16 3 90 50 0 0 127 0 0 0
3 16 3 90 50 0 0 196 0 0 0
3 16 3 90 50 0 0 129 0 0 0
3 16 3 90 50 0 0 154 0 0 0
3 16 3 90 50 0 0 3 0 0 0
3 16 3 90 50 0 0 94 0 0 0
3 16 3 90 50 0 0 202 0 0 0
3 16 4 90 50 0 0 112 0 0 0
3 16 4 90 50 0 0 76 0 0 0
3 16 4 90 50 0 0 237 0 0 0
3 16 4 90 50 0 0 179 0 0 0
3 16 4 90 50 0 0 113 0 0 0
3 16 4 90 50 0 0 16 0 0 0
3 16 4 90 50 0 0 238 0 0 0
3 16 4 90 50 0 0 127 0 0 0
3 16 4 90 50 0 0 32 0 0 0
3 16 4 90 50 0 0 107 0 0 0
3 16 4 90 50 0 0 12 0 0 0
3 16 4 90 50 0 0 136 0 0 0
3 16 5 90 50 0 0 5 0 0 0
3 16 5 90 50 0 0 170 0 0 0
3 16 5 90 50 0 0 235 0 0 0
3 16 5 90 50 0 0 244 0 0 0
3 16 5 90 50 0 0 150 0 0 0
3 16 5 90 50 0 0 62 0 0 0
3 16 5 90 50 0 0 124 0 0 0
3 16 5 90 50 0 0 71 0 0 0
3 16 5 90 50 0 0 8 0 0 0
3 16 5 90 50 0 0 206 0 0 0
3 16 5 90 50 0 0 141 0 0 0
3 16 5 90 50 0 0 78 0 0 0
3 16 6 90 50 0 0 9 0 0 0
3 16 6 90 50 0 0 35 0 0 0
3 16 6 90 50 0 0 102 0 0 0
3 16 6 90 50 0 0 231 0 0 0
3 16 6 90 50 0 0 23 0 0 0
3 16 6 90 50 0 0 146 0 0 0
3 16 6 90 50 0 0 168 0 0 0
3 16 6 90 50 0 0 163 0 0 0
3 16 6 90 50 0 0 178 0 0 0
3 16 6 90 50 0 0 187 0 0 0
