3 10 12 90 50 0 0 167 0 0 0
3 10 12 90 50 0 0 241 0 0 0
3 10 12 90 50 0 0 217 0 0 0
3 10 12 90 50 0 0 42 0 0 0
3 10 12 90 50 0 0 130 0 0 0
3 10 13 90 50 0 0 200 0 0 0
3 10 13 90 50 0 0 216 0 0 0
3 10 13 90 50 0 0 254 0 0 0
3 10 13 90 50 0 0 67 0 0 0
3 10 13 90 50 0 0 77 0 0 0
2 45 165 0 50 0 0 0 0 0 0
3 10 13 90 50 0 0 152 0 0 0
2 45 165 1 50 0 0 0 0 0 0
3 10 13 90 50 0 0 85 0 0 0
2 45 165 2 50 0 0 0 0 0 0
3 10 13 90 50 0 0 140 0 0 0
2 45 165 3 50 0 0 0 0 0 0
3 10 13 90 50 0 0 226 0 0 0
2 45 165 4 50 0 0 0 0 0 0
3 10 13 90 50 0 0 179 0 0 0
2 45 165 5 50 0 0 0 0 0 0
3 10 13 90 50 0 0 71 0 0 0
3 10 13 90 50 0 0 23 0 0 0
3 10 14 90 50 0 0 17 0 0 0
2 0 0 90 50 0 0 0 0 0 0
3 10 14 90 50 0 0 152 0 0 0
2 10 14 90 50 0 0 167 0 0 0
3 10 14 90 50 0 0 84 0 0 0
2 10 14 90 50 0 0 241 0 0 0
3 10 14 90 50 0 0 47 0 0 0
2 10 14 90 50 0 0 217 0 0 0
3 10 14 90 50 0 0 17 0 0 0
2 10 14 90 50 0 0 42 0 0 0
3 10 14 90 50 0 0 45 0 0 0
2 10 14 90 50 0 0 130 0 0 0
3 10 14 90 50 0 0 5 0 0 0
2 10 14 90 50 0 0 200 0 0 0
3 10 14 90 50 0 0 88 0 0 0
2 10 14 90 50 0 0 216 0 0 0
3 10 14 90 50 0 0 245 0 0 0
2 10 14 90 50 0 0 254 0 0 0
3 10 14 90 50 0 0 107 0 0 0
2 10 14 90 50 0 0 67 0 0 0
3 10 14 90 50 0 0 214 0 0 0
2 10 14 90 50 0 0 77 0 0 0
3 10 14 90 50 0 0 136 0 0 0
3 10 15 90 50 0 0 7 0 0 0
3 10 15 90 50 0 0 153 0 0 0
3 10 15 90 50 0 0 146 0 0 0
3 10 15 90 50 0 0 72 0 0 0
3 10 15 90 50 0 0 51 0 0 0
3 10 15 90 50 0 0 98 0 0 0
3 10 15 90 50 0 0 65 0 0 0
3 10 15 90 50 0 0 243 0 0 0
3 10 15 90 50 0 0 13 0 0 0
3 0 0 90 50 0 0 0 0 0 0
3 10 17 90 50 0 0 167 0 0 0
3 10 17 90 50 0 0 241 0 0 0
3 10 17 90 50 0 0 217 0 0 0
3 10 17 90 50 0 0 42 0 0 0
3 10 17 90 50 0 0 130 0 0 0
3 10 17 90 50 0 0 200 0 0 0
3 10 17 90 50 0 0 216 0 0 0
3 10 18 90 50 0 0 254 0 0 0
3 10 18 90 50 0 0 67 0 0 0
3 10 18 90 50 0 0 77 0 0 0
3 10 18 90 50 0 0 152 0 0 0
3 10 18 90 50 0 0 85 0 0 0
3 15 33 90 50 0 0 140 0 0 0
3 15 33 90 50 0 0 226 0 0 0
3 15 33 90 50 0 0 179 0 0 0
3 15 33 90 50 0 0 71 0 0 0
3 15 33 90 50 0 0 23 0 0 0
3 15 33 90 50 0 0 17 0 0 0
3 15 33 90 50 0 0 152 0 0 0
3 15 34 90 50 0 0 84 0 0 0
3 15 34 90 50 0 0 47 0 0 0
3 15 34 90 50 0 0 17 0 0 0
3 15 34 90 50 0 0 45 0 0 0
3 15 34 90 50 0 0 5 0 0 0
3 15 34 90 50 0 0 88 0 0 0
3 15 34 90 50 0 0 245 0 0 0
3 15 34 90 50 0 0 107 0 0 0
3 15 34 90 50 0 0 214 0 0 0
3 15 34 90 50 0 0 136 0 0 0
3 15 34 90 50 0 0 7 0 0 0
3 15 34 90 50 0 0 153 0 0 0
3 15 35 90 50 0 0 146 0 0 0
3 15 35 90 50 0 0 72 0 0 0
3 15 35 90 50 0 0 51 0 0 0
3 15 35 90 50 0 0 98 0 0 0
3 15 35 90 50 0 0 65 0 0 0
3 15 35 90 50 0 0 243 0 0 0
3 15 35 90 50 0 0 13 0 0 0
3 15 35 90 50 0 0 35 0 0 0
3 15 35 90 50 0 0 229 0 0 0
3 15 35 90 50 0 0 95 0 0 0
3 15 35 90 50 0 0 48 0 0 0
3 15 35 90 50 0 0 209 0 0 0
3 15 36 90 50 0 0 200 0 0 0
3 15 36 90 50 0 0 237 0 0 0
3 15 36 90 50 0 0 97 0 0 0
3 15 36 90 50 0 0 12 0 0 0
3 15 36 90 50 0 0 75 0 0 0
3 15 36 90 50 0 0 2 0 0 0
3 15 36 90 50 0 0 53 0 0 0
3 15 36 90 50 0 0 57 0 0 0
3 15 36 90 50 0 0 129 0 0 0
3 15 36 90 50 0 0 132 0 0 0
3 15 36 90 50 0 0 184 0 0 0
3 15 36 90 50 0 0 20 0 0 0
3 15 37 90 50 0 0 162 0 0 0
3 15 37 90 50 0 0 156 0 0 0
3 15 37 90 50 0 0 180 0 0 0
3 15 37 90 50 0 0 90 0 0 0
3 15 37 90 50 0 0 103 0 0 0
3 15 37 90 50 0 0 42 0 0 0
3 15 37 90 50 0 0 202 0 0 0
3 15 37 90 50 0 0 229 0 0 0
3 15 37 90 50 0 0 72 0 0 0
3 15 37 90 50 0 0 233 0 0 0
3 15 37 90 50 0 0 197 0 0 0
3 15 37 90 50 0 0 241 0 0 0
3 15 38 90 50 0 0 176 0 0 0
3 15 38 90 50 0 0 196 0 0 0
3 15 38 90 50 0 0 21 0 0 0
3 15 38 90 50 0 0 138 0 0 0
3 15 38 90 50 0 0 229 0 0 0
3 15 38 90 50 0 0 155 0 0 0
3 15 38 90 50 0 0 77 0 0 0
3 15 38 90 50 0 0 57 0 0 0
3 15 38 90 50 0 0 246 0 0 0
3 15 38 90 50 0 0 247 0 0 0
3 15 38 90 50 0 0 232 0 0 0
3 15 38 90 50 0 0 161 0 0 0
3 15 39 90 50 0 0 5 0 0 0
3 15 39 90 50 0 0 211 0 0 0
3 15 39 90 50 0 0 254 0 0 0
3 15 39 90 50 0 0 237 0 0 0
3 15 39 90 50 0 0 165 0 0 0
3 15 39 90 50 0 0 213 0 0 0
3 15 39 90 50 0 0 243 0 0 0
3 15 39 90 50 0 0 217 0 0 0
3 15 39 90 50 0 0 228 0 0 0
3 15 39 90 50 0 0 91 0 0 0
3 15 39 90 50 0 0 250 0 0 0
3 15 39 90 50 0 0 108 0 0 0
3 15 40 90 50 0 0 195 0 0 0
3 15 40 90 50 0 0 81 0 0 0
3 15 40 90 50 0 0 226 0 0 0
3 15 40 90 50 0 0 32 0 0 0
3 15 40 90 50 0 0 174 0 0 0
3 15 40 90 50 0 0 12 0 0 0
3 15 40 90 50 0 0 225 0 0 0
3 15 40 90 50 0 0 6 0 0 0
3 15 40 90 50 0 0 152 0 0 0
3 15 40 90 50 0 0 109 0 0 0
3 15 40 90 50 0 0 97 0 0 0
3 15 40 90 50 0 0 255 0 0 0
3 15 41 90 50 0 0 52 0 0 0
3 15 41 90 50 0 0 161 0 0 0
3 15 41 90 50 0 0 30 0 0 0
3 15 41 90 50 0 0 25 0 0 0
3 15 41 90 50 0 0 253 0 0 0
3 15 41 90 50 0 0 54 0 0 0
3 15 41 90 50 0 0 80 0 0 0
3 15 41 90 50 0 0 233 0 0 0
3 15 41 90 50 0 0 183 0 0 0
3 15 41 90 50 0 0 129 0 0 0
3 15 41 90 50 0 0 143 0 0 0
3 15 41 90 50 0 0 195 0 0 0
3 15 42 90 50 0 0 58 0 0 0
3 15 42 90 50 0 0 30 0 0 0
3 15 42 90 50 0 0 15 0 0 0
3 15 42 90 50 0 0 192 0 0 0
3 15 42 90 50 0 0 44 0 0 0
3 15 42 90 50 0 0 68 0 0 0
3 15 42 90 50 0 0 85 0 0 0
3 15 42 90 50 0 0 122 0 0 0
3 15 42 90 50 0 0 200 0 0 0
3 15 42 90 50 0 0 171 0 0 0
3 15 42 90 50 0 0 80 0 0 0
3 15 42 90 50 0 0 201 0 0 0
3 15 43 90 50 0 0 178 0 0 0
3 15 43 90 50 0 0 222 0 0 0
3 15 43 90 50 0 0 178 0 0 0
3 15 43 90 50 0 0 246 0 0 0
3 15 43 90 50 0 0 181 0 0 0
3 15 43 90 50 0 0 226 0 0 0
3 15 43 90 50 0 0 76 0 0 0
3 15 43 90 50 0 0 79 0 0 0
3 15 43 90 50 0 0 221 0 0 0
3 15 43 90 50 0 0 159 0 0 0
3 15 43 90 50 0 0 136 0 0 0
3 15 43 90 50 0 0 103 0 0 0
3 15 44 90 50 0 0 189 0 0 0
3 15 44 90 50 0 0 206 0 0 0
3 15 44 90 50 0 0 31 0 0 0
3 15 44 90 50 0 0 242 0 0 0
3 15 44 90 50 0 0 97 0 0 0
3 15 44 90 50 0 0 0 0 0 0
3 15 44 90 50 0 0 142 0 0 0
3 15 44 90 50 0 0 120 0 0 0
3 15 44 90 50 0 0 151 0 0 0
3 15 44 90 50 0 0 151 0 0 0
3 15 44 90 50 0 0 14 0 0 0
3 15 44 90 50 0 0 52 0 0 0
3 15 45 90 50 0 0 98 0 0 0
3 15 45 90 50 0 0 7 0 0 0
3 15 45 90 50 0 0 215 0 0 0
3 15 45 90 50 0 0 94 0 0 0
3 15 45 90 50 0 0 71 0 0 0
3 15 45 90 50 0 0 161 0 0 0
3 15 45 90 50 0 0 88 0 0 0
3 15 45 90 50 0 0 41 0 0 0
3 15 45 90 50 0 0 142 0 0 0
3 15 45 90 50 0 0 91 0 0 0
3 15 45 90 50 0 0 162 0 0 0
3 15 45 90 50 0 0 245 0 0 0
3 15 46 90 50 0 0 98 0 0 0
3 15 46 90 50 0 0 70 0 0 0
3 15 46 90 50 0 0 134 0 0 0
3 15 46 90 50 0 0 156 0 0 0
3 15 46 90 50 0 0 196 0 0 0
3 15 46 90 50 0 0 46 0 0 0
3 15 46 90 50 0 0 54 0 0 0
3 15 46 90 50 0 0 42 0 0 0
3 15 46 90 50 0 0 2 0 0 0
3 15 46 90 50 0 0 115 0 0 0
3 15 46 90 50 0 0 18 0 0 0
3 15 46 90 50 0 0 100 0 0 0
3 15 47 90 50 0 0 230 0 0 0
3 15 47 90 50 0 0 6 0 0 0
3 15 47 90 50 0 0 135 0 0 0
3 15 47 90 50 0 0 239 0 0 0
3 15 47 90 50 0 0 83 0 0 0
3 15 47 90 50 0 0 9 0 0 0
3 15 47 90 50 0 0 209 0 0 0
3 15 47 90 50 0 0 8 0 0 0
3 15 47 90 50 0 0 83 0 0 0
3 15 47 90 50 0 0 79 0 0 0
3 15 47 90 50 0 0 81 0 0 0
3 15 47 90 50 0 0 248 0 0 0
3 15 48 90 50 0 0 101 0 0 0
3 15 48 90 50 0 0 143 0 0 0
3 15 48 90 50 0 0 180 0 0 0
3 15 48 90 50 0 0 240 0 0 0
3 15 48 90 50 0 0 128 0 0 0
3 15 48 90 50 0 0 183 0 0 0
3 15 48 90 50 0 0 203 0 0 0
3 15 48 90 50 0 0 25 0 0 0
3 15 48 90 50 0 0 238 0 0 0
3 15 48 90 50 0 0 154 0 0 0
3 15 48 90 50 0 0 235 0 0 0
3 15 48 90 50 0 0 215 0 0 0
3 15 49 90 50 0 0 24 0 0 0
3 15 49 90 50 0 0 204 0 0 0
3 15 49 90 50 0 0 79 0 0 0
3 15 49 90 50 0 0 162 0 0 0
3 15 49 90 50 0 0 124 0 0 0
3 15 49 90 50 0 0 140 0 0 0
3 15 49 90 50 0 0 55 0 0 0
3 15 49 90 50 0 0 223 0 0 0
3 15 49 90 50 0 0 193 0 0 0
3 15 49 90 50 0 0 173 0 0 0
3 15 49 90 50 0 0 165 0 0 0
3 15 49 90 50 0 0 209 0 0 0
3 15 50 90 50 0 0 51 0 0 0
3 15 50 90 50 0 0 209 0 0 0
3 15 50 90 50 0 0 58 0 0 0
3 15 50 90 50 0 0 190 0 0 0
3 15 50 90 50 0 0 3 0 0 0
3 15 50 90 50 0 0 240 0 0 0
3 15 50 90 50 0 0 33 0 0 0
3 15 50 90 50 0 0 233 0 0 0
3 15 50 90 50 0 0 177 0 0 0
3 15 50 90 50 0 0 183 0 0 0
3 15 50 90 50 0 0 140 0 0 0
3 15 50 90 50 0 0 203 0 0 0
3 15 51 90 50 0 0 216 0 0 0
3 15 51 90 50 0 0 47 0 0 0
3 15 51 90 50 0 0 127 0 0 0
3 15 51 90 50 0 0 242 0 0 0
3 15 51 90 50 0 0 179 0 0 0
3 15 51 90 50 0 0 140 0 0 0
3 15 51 90 50 0 0 109 0 0 0
3 15 51 90 50 0 0 72 0 0 0
3 15 51 90 50 0 0 208 0 0 0
3 15 51 90 50 0 0 30 0 0 0
3 15 51 90 50 0 0 72 0 0 0
3 15 51 90 50 0 0 27 0 0 0
3 15 52 90 50 0 0 45 0 0 0
3 15 52 90 50 0 0 79 0 0 0
3 15 52 90 50 0 0 175 0 0 0
3 15 52 90 50 0 0 113 0 0 0
3 15 52 90 50 0 0 113 0 0 0
3 15 52 90 50 0 0 128 0 0 0
3 15 52 90 50 0 0 95 0 0 0
3 15 52 90 50 0 0 215 0 0 0
3 15 52 90 50 0 0 242 0 0 0
3 15 52 90 50 0 0 211 0 0 0
3 15 52 90 50 0 0 158 0 0 0
3 15 52 90 50 0 0 244 0 0 0
3 15 53 90 50 0 0 196 0 0 0
3 15 53 90 50 0 0 241 0 0 0
3 15 53 90 50 0 0 155 0 0 0
3 15 53 90 50 0 0 148 0 0 0
3 15 53 90 50 0 0 150 0 0 0
3 15 53 90 50 0 0 232 0 0 0
3 15 53 90 50 0 0 29 0 0 0
3 15 53 90 50 0 0 171 0 0 0
3 15 53 90 50 0 0 129 0 0 0
3 15 53 90 50 0 0 147 0 0 0
3 15 53 90 50 0 0 179 0 0 0
3 15 53 90 50 0 0 115 0 0 0
3 15 54 90 50 0 0 126 0 0 0
3 15 54 90 50 0 0 27 0 0 0
3 15 54 90 50 0 0 39 0 0 0
3 15 54 90 50 0 0 217 0 0 0
3 15 54 90 50 0 0 196 0 0 0
3 15 54 90 50 0 0 57 0 0 0
3 15 54 90 50 0 0 87 0 0 0
3 15 54 90 50 0 0 22 0 0 0
3 15 54 90 50 0 0 100 0 0 0
3 15 54 90 50 0 0 65 0 0 0
3 15 54 90 50 0 0 185 0 0 0
3 15 54 90 50 0 0 53 0 0 0
3 15 55 90 50 0 0 21 0 0 0
3 15 55 90 50 0 0 232 0 0 0
3 15 55 90 50 0 0 240 0 0 0
3 15 55 90 50 0 0 60 0 0 0
3 15 55 90 50 0 0 149 0 0 0
3 15 55 90 50 0 0 216 0 0 0
3 15 55 90 50 0 0 232 0 0 0
3 15 55 90 50 0 0 206 0 0 0
3 15 55 90 50 0 0 30 0 0 0
3 15 55 90 50 0 0 24 0 0 0
